20 0.9015748031496065 0.678490493566353 0.06824146981627294 0.09890531976185905
20 0.9022309711286091 0.8505857499519878 0.06430446194225724 0.08703668139043585
19 0.9002624671916012 0.47276742846168623 0.07349081364829388 0.09890531976185905
0 0.07086614173228349 0.6725561743806414 0.0708661417322835 0.12659880929517967
4 0.35695538057742787 0.39166506625696185 0.07874015748031496 0.10286153255233338
5 0.3536745406824147 0.6695890147877857 0.07742782152230969 0.09692721336662175
7 0.5918635170603675 0.3877088534664874 0.0656167979002624 0.09890531976185905
25 0.47112860892388464 0.5469464182830805 0.5301837270341209 0.7576147493758404
14 0.07414698162729659 0.07615709621663147 0.1062992125984252 0.11275206452851931
6 0.078740157480315 0.38968695986172447 0.07874015748031499 0.09890531976185893
18 0.8989501312335957 0.29671595928557715 0.07349081364829402 0.08308046859996149