11 0.2512351778656126 0.627140974967062 0.09115612648221347 0.10803689064558633
11 0.48746294466403156 0.6264822134387351 0.09004446640316204 0.10408432147562585
11 0.7097949604743082 0.6264822134387351 0.09226778656126484 0.10671936758893275
29 0.7092391304347826 0.5889328063241105 0.17341897233201578 0.4321475625823453
29 0.2534584980237154 0.5902503293807639 0.17341897233201578 0.4321475625823453
29 0.48913043478260865 0.587615283267457 0.17341897233201578 0.4321475625823453
31 0.4863512845849801 0.5909090909090909 0.7103507905138338 0.26745718050065875
10 0.48579545454545453 0.2101449275362319 0.07336956521739132 0.09617918313570488
28 0.4902420948616601 0.5164690382081686 0.7603754940711462 0.7799736495388668
26 0.48357213438735175 0.5065876152832675 0.8337450592885375 0.8656126482213439
25 0.47856966403162055 0.4947299077733861 0.8882164031620553 0.9710144927536233