0 0.48256659159896176 0.034723151891616906 0.05102025638050705 0.06609949396235508
17 0.2150645529372759 0.164412032450668 0.055980559084167394 0.0660994939623551
1 0.37804592748611765 0.16692213981632703 0.05881501777197329 0.06609949396235507
15 0.2969095475476725 0.1665037885887172 0.056689173756118795 0.06191598168625664
3 0.48327520627091325 0.31543682561782105 0.05668917375611876 0.06860960132801416
16 0.762115079683823 0.16357532999544827 0.05314610039636136 0.06442608905191567
13 0.4832752062709133 0.9037792176497363 0.05385471506831294 0.0619159816862566
8 0.4570564634087083 0.43424857425901614 0.05243748572440985 0.058569171865377925
8 0.5137456371648271 0.4350852767142359 0.05385471506831294 0.06358938659669605
27 0.23532065546028086 0.38798906267885386 0.280673363603535 0.12124658208714187
27 0.7380511466708809 0.3844527040346455 0.2917976127707482 0.11619464116684419
28 0.73719543519648 0.698178235185125 0.29179761277074834 0.4607370119311389
28 0.23574851119748136 0.6921159060807678 0.27981765212913395 0.466799341035496
26 0.49114661391028425 0.5939661011175347 0.847090814865207 0.7372990721445258
24 0.4896219135802469 0.5422794117647058 0.8733796296296297 0.8676470588235294
23 0.4896219135802469 0.535845588235294 0.9076298111837328 0.9099264705882352