11 0.7953752181500873 0.7542149713288456 0.05497382198952877 0.08805189138958774
11 0.7953752181500873 0.36880751229573216 0.05497382198952877 0.08805189138958774
0 0.049738219895287955 0.44531161465061986 0.04886561954624782 0.08227799687223765
16 0.6266656657777822 0.766454931264095 0.03971781288302871 0.06307395012125654
16 0.63747089677261 0.29992977323284953 0.03812910036770759 0.067673092317598
9 0.5006430313905763 0.37384455853119697 0.044881128557822475 0.074900315768992
26 0.5521706523253586 0.5410914542783575 0.7304896963970386 0.7563008077860564
2 0.13967384824101675 0.4143371289510855 0.04682626258955379 0.07746097658888842
28 0.7999241507537247 0.7593905701197703 0.21625219450448455 0.20139853913110997
28 0.5466366394738651 0.7579821887272453 0.18815643695075393 0.20984882748626071
27 0.33123583156191844 0.3671563523014897 0.22561744702239536 0.2112572088787867
27 0.32868167178430646 0.7544612352459319 0.22561744702239536 0.2112572088787867
23 0.520622901336584 0.5063131106128254 0.8369130204642061 0.9140395237488836