18 0.09099308300395256 0.502635046113307 0.07799407114624506 0.10144927536231883
11 0.312457729468599 0.6389986824769434 0.07221673254281949 0.09222661396574444
11 0.3139020641194554 0.6389986824769434 0.06740228370663154 0.09222661396574444
11 0.7630901405357928 0.6363636363636364 0.06836517347386917 0.08959156785243756
4 0.5353667105841021 0.300395256916996 0.07125384277558201 0.09222661396574428
10 0.5363296003513396 0.45849802371541515 0.08473429951690829 0.09749670619235858
31 0.5430698287220025 0.6660079051383402 0.5835111989459814 0.16996047430830047
29 0.765015920070268 0.41172595520421607 0.2205017566974089 0.2042160737812912
29 0.31534639877031184 0.40909090909090906 0.2205017566974089 0.2042160737812912
30 0.7664602547211244 0.7101449275362319 0.22339042599912168 0.36100131752305664
30 0.3139020641194554 0.7088274044795784 0.22339042599912168 0.36100131752305664
28 0.5425883838383839 0.5546772068511199 0.7404622310057093 0.7483530961791831
25 0.5396997145366711 0.5316205533596838 0.7712747035573123 0.8313570487483531