11 0.6819371727748691 0.5591923166705572 0.051483420593368266 0.07692592716102893
11 0.3215532286212915 0.5591923166705572 0.051483420593368266 0.07692592716102893
30 0.6815008726003491 0.5540146100347189 0.18499127399650955 0.19083547314947594
30 0.32286212914485163 0.5554939547878155 0.18499127399650955 0.19083547314947594
31 0.5069808027923213 0.5680683851891375 0.4956369982547998 0.1420170962972845
29 0.3224258289703316 0.36317913688524284 0.1806282722513088 0.1790007151247022
29 0.6775741710296684 0.36317913688524284 0.1806282722513088 0.1790007151247022
10 0.49999999999999983 0.3217574837985348 0.055846422338568645 0.09319871944509274
28 0.5047993019197208 0.5066755779356239 0.7321116928446771 0.7736973058695804
26 0.49869109947643975 0.5066755779356239 0.7931937172774869 0.8594993015491897
25 0.4912739965095986 0.49705983704049533 0.8603839441535777 0.9260698154385419