0 0.08389405482068969 0.581120308063005 0.06284427379295295 0.10877131917855892
14 0.08480926269146091 0.07739497710782081 0.0756571839837493 0.09287397252938497
4 0.34503336728072753 0.3426296554124604 0.0726064910811788 0.08952716270850589
7 0.564162674918068 0.3401977015728388 0.06130120746138603 0.08143728763519693
19 0.847225897029827 0.41178370441345546 0.08524699162598992 0.08275079227447421
20 0.8486385907935625 0.5891068307159001 0.057469881995049404 0.07224275516025515
20 0.8500753378434388 0.730965331757856 0.056512050628465336 0.08012378299591942
25 0.4565640799810069 0.47798734337503257 0.48525175502299644 0.623009484859032
18 0.06861726878553273 0.9605228866496619 0.04662579593365994 0.07084192347854036
5 0.3444232287002136 0.5798348014672412 0.07382676824220706 0.08032343570108963
6 0.09279665724957623 0.34319899925237396 0.06306641116999674 0.08566082502466286
18 0.8482753634194727 0.26487071273661855 0.05335112761873399 0.07084192347854036