9 0.8459860383944156 0.5647770788604718 0.04624781849912736 0.06861777593631899
9 0.6801919720767889 0.5608183610179919 0.04624781849912736 0.06861777593631899
0 0.09642233856893542 0.8610211307393876 0.044502617801047126 0.07785478423543893
29 0.7661431064572426 0.561478147325072 0.3019197207678883 0.2388426431629565
28 0.6692844677137871 0.7323628008587895 0.11692844677137863 0.06333948547967908
28 0.8363874345549737 0.7317030145517096 0.12303664921465986 0.05674162240887882
28 0.8350785340314137 0.3701401182718747 0.12216404886561939 0.056741622408879096
28 0.6719022687609075 0.3714596908860347 0.12216404886561939 0.056741622408879096
26 0.7635253054101221 0.5667564377817119 0.3385689354275741 0.7508368174570292
24 0.5924956369982548 0.5370660539631122 0.7260034904013962 0.8893919419438272
23 0.5933682373472949 0.5119941742940727 0.7539267015706806 0.9580097178801462