9 0.7397390099876067 0.4407114624505929 0.059038134209850615 0.08563899868247696
9 0.28770075850024257 0.43807641633728595 0.059038134209850615 0.08563899868247696
9 0.29034425704695227 0.6159420289855073 0.059038134209850615 0.08563899868247696
9 0.7379766776231335 0.6159420289855073 0.059038134209850615 0.08563899868247696
11 0.2899036739558339 0.7971014492753623 0.05815696802761408 0.08168642951251655
11 0.7516347534478004 0.7944664031620553 0.056394635663140916 0.08695652173913046
0 0.3454171434367383 0.07575757575757576 0.05991930039208729 0.08300395256916997
27 0.7375360945320151 0.4262187088274045 0.16037224516705703 0.1646903820816864
27 0.2872601754091242 0.4235836627140975 0.16037224516705703 0.1646903820816864
28 0.2903442570469521 0.7905138339920951 0.14891708479798155 0.16337285902503296
28 0.2859384261357693 0.6152832674571805 0.14891708479798155 0.16337285902503296
28 0.7370955114408968 0.6100131752305665 0.14891708479798155 0.16337285902503296
28 0.7485506718099723 0.7984189723320159 0.14891708479798155 0.16337285902503296
26 0.5022647238748491 0.5638998682476943 0.8600181938628993 0.7325428194993414
24 0.500502391510376 0.5586297760210802 0.9111258324326209 0.8247694334650859