0 0.11098981358248021 0.8929549997211419 0.06086538164200526 0.05097380965659583
18 0.843462911284063 0.6443689232472354 0.06742929534849608 0.06416703097948272
10 0.5095293630226574 0.1652672545419181 0.06153428185272461 0.05632448797232667
0 0.5160873203006808 0.03483988946741857 0.05488973498599812 0.04977127066774081
30 0.5131983868803651 0.4419274074706486 0.1646692049579942 0.13396767021400244
30 0.6865343920993076 0.4419274074706487 0.1597167476660226 0.1306495855028197
30 0.3272748860443342 0.44151264688175085 0.16425650018366336 0.13313814903620666
29 0.3272748860443342 0.2909545531118349 0.15847863334303205 0.1190362890136802
29 0.510103101072884 0.2909545531118349 0.16508190973232495 0.1190362890136802
29 0.6873598016479681 0.28971027134514127 0.15971674766602448 0.11820676783588442
28 0.4906137627973735 0.34813013073882637 0.7997054756388843 0.46518698692611726
25 0.5117913352922242 0.5268572007702441 0.9630753205991609 0.9260160129725346