30 0.09523809523809508 0.5757575757575759 0.12640692640692638 0.28409090909090917
30 0.09437229437229436 0.27178030303030304 0.12640692640692638 0.29734848484848486
30 0.23376623376623373 0.26799242424242425 0.12640692640692638 0.29734848484848486
30 0.37662337662337664 0.26988636363636365 0.12640692640692638 0.29734848484848486
30 0.3757575757575756 0.5700757575757577 0.12640692640692638 0.28409090909090917
30 0.23463203463203447 0.5757575757575759 0.12640692640692638 0.28409090909090917
29 0.516017316017316 0.5757575757575758 0.1264069264069264 0.2840909090909091
29 0.5142857142857142 0.27083333333333337 0.1264069264069264 0.2840909090909091
29 0.6545454545454545 0.27462121212121215 0.1264069264069264 0.2840909090909091
29 0.7956709956709958 0.2689393939393939 0.1264069264069264 0.2840909090909091
29 0.7982683982683982 0.5643939393939394 0.1264069264069264 0.2840909090909091
29 0.6554112554112554 0.5681818181818182 0.1264069264069264 0.2840909090909091
28 0.44718614718614724 0.5066287878787878 0.864935064935065 0.9299242424242423