13 0.7796684118673647 0.7623996068148173 0.047993019197207616 0.08204503382981784
13 0.7796684118673648 0.36378458396240015 0.04973821989528801 0.08668909234848692
11 0.49345549738219896 0.3668806229748461 0.042757417102966856 0.07740097531114891
11 0.4952006980802792 0.7701397043459322 0.042757417102966856 0.08204503382981784
18 0.6160558464223385 0.7755577726177127 0.03490401396160557 0.06501681926136513
18 0.6291448516579407 0.2948977159354776 0.040139616055846476 0.06656483876758813
3 0.1457242582897033 0.41099917890220106 0.04363001745200698 0.07894899481737191
30 0.781413612565445 0.3599145351968428 0.21378708551483439 0.2089826333401023
30 0.7814136125654451 0.7670436653334869 0.21553228621291423 0.20898263334010217
29 0.3294066317626527 0.3692026522341807 0.2137870855148342 0.20898263334010225
29 0.33027923211169286 0.7639476263210405 0.2137870855148342 0.20898263334010225
30 0.5388307155322863 0.36610661322173466 0.18062827225130904 0.20898263334010225
30 0.536212914485166 0.7623996068148173 0.18062827225130904 0.20898263334010225
0 0.05759162303664922 0.44195956902666067 0.04712041884816756 0.09442918987960168
28 0.5458115183246073 0.5402588076718198 0.7059336823734729 0.7863939091612734