0 0.08914155168240136 0.5827205882352942 0.06568324860808522 0.11397058823529407
7 0.0898117889130961 0.34191176470588236 0.06434277414669572 0.09558823529411761
16 0.08310941660614862 0.07261029411764706 0.07774751876059066 0.10845588235294118
5 0.34584241103848945 0.34558823529411764 0.06970467199225365 0.08823529411764706
6 0.3438316993464052 0.581801470588235 0.07640704429920113 0.08639705882352951
8 0.5636695110142821 0.34007352941176466 0.06568324860808496 0.08823529411764708
22 0.8498608085209391 0.5818014705882353 0.05361897845557962 0.07904411764705883
22 0.8505310457516341 0.7270220588235294 0.05764040183974828 0.07904411764705883
27 0.453080367949649 0.46875 0.48257080610021785 0.6323529411764706
21 0.8458393851367707 0.41084558823529416 0.08042846768336957 0.07536764705882348
20 0.07002433718001497 0.9549656572115003 0.04765307235469212 0.07009755483220965
20 0.8458393851367698 0.2645835755250717 0.05629992737835874 0.07009755483220972