0 0.1168150172357746 0.05072463768115942 0.07092340332172029 0.07246376811594202
4 0.5823682307893054 0.05444310151460706 0.07907385152001588 0.09628779937294141
3 0.4559213060613523 0.05579293047777914 0.07123770407208632 0.08998859754480507
10 0.1991093828814804 0.3829014825531446 0.0691005729499233 0.06389190425681195
10 0.4324128637175604 0.3824515395654198 0.06268917958343553 0.06119224633046997
10 0.6749772460830177 0.3829014825531455 0.06340155662415697 0.0638919042568115
13 0.37898458566349846 0.8272218927139722 0.07836147447929473 0.09358814144659976
13 0.2429205708858136 0.8281217786894205 0.07836147447929473 0.09358814144659976
18 0.8520029407021521 0.68369007963001 0.07978622856073671 0.09448802742204528
11 0.19445423075905222 0.6155081154163996 0.08619762192722438 0.10258700120107768
11 0.4391310428889253 0.6214464576436122 0.08619762192722438 0.10258700120107768
11 0.6749772460830175 0.61664857445913 0.08619762192722438 0.10258700120107768
19 0.8525728423347291 0.24004458395076753 0.07679424498970917 0.09205833528833558
14 0.49015102286798995 0.8267719497262502 0.07444340075533039 0.08908871156935706
2 0.3561529015083955 0.053453226941614224 0.07287617126574436 0.09502795900731417
25 0.5011572837659795 0.5533596837944664 0.9251332168583221 0.8774703557312253
31 0.4378839193903002 0.600507409706116 0.6637216888396282 0.2101503718463833
11 0.6723414510323507 0.8295512129504226 0.09813267727099394 0.10302309978917946
31 0.6706838044568239 0.806473201011469 0.19295006139094048 0.20461560238779128
15 0.14873425165797588 0.8249799253143735 0.07529285768578033 0.09589073134223654
17 0.852123831085963 0.37417654808959155 0.08343929802555322 0.1054018445322793
29 0.6722139522531094 0.3584479360620218 0.19276922721906595 0.11977482333213549
29 0.43438687720844904 0.35696312420253234 0.217061284307647 0.11284570132118553
29 0.19577618741899588 0.36092262249450374 0.18963476823989375 0.10888620302921417
30 0.19309728520184136 0.6889405768395085 0.1874114227847564 0.4784306330544849
30 0.43451437598768927 0.6918678834204937 0.21079236634930332 0.46513216310360933
30 0.6711660289151593 0.6849357917858229 0.18885115349510065 0.4631464747101894
26 0.4911540497413249 0.5592885375494072 0.8704235862211125 0.7999760450353337
28 0.4333628541202174 0.5816864295125165 0.7165349717944389 0.7233201581027668
23 0.8526453266986226 0.8326745718050065 0.08031032434959486 0.10803689064558625
24 0.8521238310859629 0.5434782608695652 0.0813533155749144 0.10408432147562585
24 0.4813358407670573 0.7403328344568829 0.0533592640703786 0.07687428980816734