0 0.06530079455420794 0.19881344964957004 0.028605569718857513 0.04209836985756717
3 0.13988123592521323 0.3574463440684177 0.04290835457828626 0.05691075925189636
2 0.14016729162240182 0.5125866329879708 0.04233624318390909 0.056910759251896294
9 0.3003584820480039 0.6887761068363076 0.04576891155017201 0.060029157019123716
9 0.30093059344238104 0.27597820239960713 0.0446246887614177 0.05457196092647596
9 0.4525401129523259 0.3348379602560204 0.03775935202889194 0.056910759251896294
9 0.4542564471354574 0.7390602708328461 0.041192020395154856 0.06080875646093034
13 0.8121121243183649 0.4069509086231495 0.040619909000777596 0.05457196092647585
13 0.8135424028043077 0.6786413140928192 0.04004779760640048 0.05223316260105562
29 0.6195966401104538 0.5628707969845095 0.09725893704411546 0.5503972059156006
29 0.44739111040293156 0.5589727997754754 0.09725893704411546 0.5503972059156006