11 0.49214659685863865 0.6650104203731004 0.059336823734729496 0.10686389128924581
11 0.18237347294938921 0.6665819481861774 0.059336823734729496 0.10686389128924581
11 0.3376963350785341 0.6697250038123318 0.059336823734729496 0.10686389128924581
10 0.33726003490401407 0.28470068960843115 0.05671902268760909 0.10057778003693726
31 0.3381326352530541 0.6204760331418696 0.4755671902268761 0.25301597790542035
29 0.4886561954624783 0.6191819583523951 0.11692844677137869 0.3960250088954406
29 0.18150087260034903 0.617610430539318 0.1169284467713787 0.3960250088954406
29 0.3376963350785341 0.6191819583523951 0.11692844677137869 0.3960250088954406
28 0.33682373472949395 0.5508204984835392 0.5130890052356022 0.7150451549501008
4 0.5013089005235603 0.11157847472847726 0.039267015706806345 0.08171944628001153
26 0.49938124057027583 0.5015723270440251 0.8887589211547916 0.8930817610062892
25 0.5020003729508892 0.490566037735849 0.9359033040058315 0.9716981132075471