3 0.39997312907926297 0.18518725079054377 0.036742140685831544 0.03736541703334364
4 0.45417912675774297 0.18657115512511208 0.041731814112302604 0.039210622812768034
11 0.27296326004182025 0.35287032599573404 0.04581427418850609 0.04520754159589728
11 0.4116480576838546 0.5436437527629071 0.04581427418850609 0.046591445930465485
11 0.539111533396431 0.5980773232559262 0.04399984748797131 0.04474624015104119
11 0.5382043200461635 0.6947199759532781 0.043999847487971235 0.04336233581647292
11 0.40348313753144754 0.6654273342049162 0.044907060838238734 0.044746240151041124
11 0.23133940431819927 0.542721149873195 0.04626788086363987 0.045668843040753374
11 0.23383424103143474 0.6661192863722001 0.04581427418850612 0.04336233581647278
10 0.3265968060962813 0.5226545370219547 0.04536066751337234 0.04520754159589721
10 0.3261431994211476 0.6448994199088197 0.044453454163104984 0.04336233581647285
31 0.31457622920523765 0.5507939251581765 0.36878222688371765 0.12270618433172104
31 0.31344221251740334 0.6767292196038902 0.37014304690911887 0.11993837566258456
13 0.3027824556517608 0.8534076729837744 0.04490706083823877 0.04520754159589728
13 0.530039399893756 0.8536383237062012 0.04309263413770355 0.04566884304075323
18 0.8838766911657664 0.39487403679681665 0.04445345416310502 0.04428493870618503
19 0.8836498878281995 0.3259094707908306 0.043999847487971235 0.04474624015104116
17 0.7466365872701098 0.5413372455386266 0.04445345416310488 0.04474624015104098
29 0.32503639913382143 0.35393814658028716 0.24071091822646207 0.09978872855127038
30 0.4829550270148762 0.8673043790100645 0.22077944092108626 0.1504626922687123
30 0.23611134654060612 0.8673043790100645 0.22077944092108626 0.1504626922687123
30 0.35723340093481315 0.6010711696330424 0.4676231213953562 0.28845179346851574
31 0.31548344255550514 0.6773519765544461 0.367965734868477 0.12053806754089734
31 0.31548344255550514 0.5517165280478888 0.3667863575131293 0.12113775941921034
28 0.5167235491418687 0.6104692409040235 0.8460912116132046 0.7182527617310227
26 0.5117406798155247 0.5998277085233606 0.8700089843796555 0.7577784534306273
25 0.5102458190176216 0.5658761528326746 0.8989096264724504 0.8500050673963717