9 0.2655295610233374 0.5699244121578421 0.044202604538891785 0.0968509380456737
9 0.2618950164214782 0.3022445636844298 0.044202604538891785 0.0968509380456737
9 0.3182304577502968 0.3043249770145341 0.044202604538891785 0.0968509380456737
9 0.3185333364671184 0.5713113543779116 0.044202604538891785 0.0968509380456737
11 0.40691755604982655 0.545761763597346 0.041494384204559934 0.09431207096472555
12 0.6086806978664862 0.2437550951772136 0.03149938654944698 0.07142752433357895
12 0.5161512498774857 0.24132794629209203 0.03119650783262543 0.06934711100347471
9 0.13164671887245794 0.5710734591136143 0.04179726292138151 0.09916636873496884
9 0.13099504502534423 0.30096646175508024 0.04391741393913273 0.09431207096472566
8 0.19929419566861614 0.427871674891439 0.028470599381230942 0.06379934212319671
8 0.06648187834234233 0.4285651460014737 0.029984992965338915 0.06379934212319675
24 0.49394463667820065 0.4981266435986159 0.9117647058823529 0.8694934256055363
23 0.4887543252595155 0.499116955017301 0.9653979238754324 0.9625826989619377