0 0.7163174328153482 0.034255599472990776 0.0589456205894561 0.06851119894598155
9 0.2767881314635335 0.6745718050065876 0.0538199144512426 0.05797101449275374
9 0.6823596296496832 0.6640316205533596 0.055101340985795985 0.05797101449275353
11 0.28063241106719367 0.878129117259552 0.05638276752034937 0.06192358366271407
11 0.6791560633132998 0.8814229249011858 0.05381991445124257 0.05533596837944671
8 0.4798942371902467 0.49341238471673254 0.05766419405490289 0.05665349143610008
29 0.4805349504575235 0.6693017127799736 0.5433248506506398 0.11857707509881422
28 0.2767881314635334 0.86231884057971 0.25884815997978605 0.16469038208168638
28 0.2793509845326403 0.6482213438735178 0.26653671918710636 0.1897233201581028
28 0.6791560633132998 0.6508563899868248 0.26653671918710636 0.1897233201581028
28 0.6804374898478531 0.8610013175230564 0.25884815997978605 0.16469038208168638
27 0.6791560633132998 0.3978919631093545 0.258848159979786 0.1633728590250329
27 0.2806324110671937 0.40184453227931494 0.258848159979786 0.1633728590250329
26 0.4779720973884166 0.6139657444005271 0.7791073330084647 0.6903820816864297
16 0.36136228274405763 0.15217391304347827 0.06919703286588337 0.06982872200263504