0 0.02471293883009682 0.34046450010907425 0.0350099966759705 0.04613014448560868
0 0.024026468307038622 0.5515099111307379 0.035009996675970566 0.040133225702480145
0 0.025056174091625947 0.45025424398482483 0.0350099966759705 0.04613014448560868
15 0.5502271386349518 0.818774432377963 0.03712544665519104 0.04613014448560932
15 0.6122196297478648 0.3751604607656196 0.032222085776203425 0.040481555364922525
11 0.4006746318258337 0.5173166203029059 0.04342976778531771 0.05931018576721215
11 0.49979256959393764 0.5159044730227341 0.04413024791088731 0.05836875424709774
11 0.6125698698106496 0.5173166203029059 0.04132832740860884 0.05931018576721215
18 0.44690632011342984 0.3779847553259631 0.037825926780760494 0.04613014448560946
17 0.9249840058147086 0.20240777682461286 0.04132832740860877 0.05460302816663973
11 0.6430407552729289 0.24524291098982162 0.03922688703189976 0.04801300752583842
30 0.49699064909165913 0.3318546108403536 0.4756260052617851 0.5545031653474277
29 0.19858611559899275 0.4259977628518016 0.10857441946329408 0.5450888501462832
10 0.19858611559899284 0.232062869708219 0.04272928765974816 0.05742732272698334