9 0.3989996281374044 0.739613786436529 0.07960576522449436 0.049894364275635324
9 0.7868350331030809 0.7400035861574322 0.07475175514983007 0.05223316260105548
11 0.40336823720460224 0.8963132742396955 0.05339411082130724 0.04521676762479444
11 0.7984846572822751 0.8955336747978887 0.055335714851172925 0.04365756874118091
29 0.6018972492583715 0.7548159755517615 0.5611235646311914 0.11304191906198596
13 0.18008377377004503 0.7372749881111086 0.06310213097063574 0.05301276204286211
9 0.39608722209260583 0.5578034006127651 0.07378095313489716 0.053792361484669156
9 0.7902328401553459 0.5554646022873446 0.07378095313489737 0.05691075925189636
29 0.6014118482509051 0.5710565911234806 0.5620943666461243 0.11460111794559957
2 0.47714919033949954 0.2143898464968699 0.06310213097063574 0.05301276204286236
3 0.32182086795024223 0.1559198883613599 0.06698533903036723 0.04833516539202156
3 0.7514007595580318 0.2151694459386767 0.06018972492583714 0.03897997209033996
27 0.40142663317473654 0.3925283189497236 0.17765676873271297 0.13019310678173554
27 0.7975138552673423 0.3917487195079168 0.17765676873271288 0.12863390789812187
28 0.40191203418220295 0.5542952031246344 0.17668596671778006 0.16371588277942783
28 0.7984846572822752 0.5511768053574073 0.18542318485217593 0.15903828612858711
28 0.8009116623196074 0.7316540761356813 0.1786275707476456 0.17229147663930278
28 0.4028828361971359 0.7312642764147779 0.1728027586580487 0.16839347943026867
26 0.5033608447426866 0.6426666978506443 0.8572181791857131 0.6616538422558489
23 0.5057878497800188 0.5389799720903399 0.9086706859771548 0.9017704703323433
1 0.8966181789617633 0.12318840579710144 0.05742293918327846 0.05138339920948619