2 0.3995394545314875 0.18201847890553835 0.03950167984334811 0.039579663968652916
3 0.4504908966482698 0.18441724641879004 0.045226560980065285 0.04197843148190462
9 0.2345673432783622 0.5397486133778794 0.055306181733772455 0.052865000744889985
9 0.40601650665305666 0.5419211476550666 0.062219454450494066 0.05141664456009835
9 0.23836964327255902 0.6621347109927616 0.05599750900544457 0.05576171311447304
9 0.4015228793871876 0.6650314233623446 0.054614854462100196 0.05286500074488984
8 0.32789652495410304 0.6440302586828677 0.04562759993036217 0.044174863636140815
8 0.32824218858993925 0.5223683391603815 0.043553618115345756 0.04707157600572401
29 0.31648962497151256 0.5513354628562114 0.3643294721712257 0.1252828099844652
29 0.31476130679233216 0.6787908071178639 0.36087283581286494 0.12093774143009065
11 0.30452966317158425 0.8551643815208496 0.04493627265869009 0.046347397913328196
11 0.5261000537425099 0.8548022924746519 0.04701025447370654 0.05141664456009849
15 0.7376413004004172 0.5412331784672909 0.04770158174537869 0.04707157600572387
16 0.8721093532144236 0.39250452607849795 0.04631892720203453 0.044899041728536704
17 0.8703810350352431 0.3240696963470993 0.04424494538701793 0.0485199321905154