0 0.2495669837513541 0.030794177951368577 0.07087400747017306 0.06002915701912356
9 0.23335643948955925 0.6057487662838833 0.09273939275352433 0.09199273413320228
9 0.613738745539584 0.6104263629347242 0.08896949873915354 0.09199273413320241
16 0.9434515897844363 0.7945755470839081 0.06635013465292787 0.07094354920441887
28 0.609591862123775 0.8082185373155275 0.29329775431805843 0.18242626938279044
28 0.23599536529961887 0.8101675359200443 0.2970676483324276 0.18008747105737072
8 0.42260511901097886 0.404612110297729 0.059564325427060395 0.05924955757731681
27 0.2352413864967447 0.40227331197230853 0.2910358179094341 0.18242626938279108
27 0.6095918621237759 0.4038325108559222 0.29782162713530186 0.18086707049917755
29 0.42373608721529016 0.6174427579109854 0.618262618356829 0.1387687006416104
28 0.23486439709530757 0.609256963772014 0.294805711923805 0.2019162554279611
28 0.6095918621237759 0.6104263629347241 0.294805711923805 0.20113665598615435
26 0.4342917904555286 0.5728925478089357 0.8293766831615998 0.8121165345245612