0 0.3773229896370057 0.7061923583662715 0.16589738056767525 0.21343873517786563
0 0.5494571138350447 0.43478260869565216 0.1808655652805482 0.2213438735177865
0 0.8120240206733579 0.5079051383399209 0.1895970063630574 0.23847167325428187
0 0.9118119187591774 0.16205533596837943 0.15217654458087496 0.2081686429512516
0 0.6629658479076647 0.10869565217391305 0.14843449840265685 0.18313570487483533
0 0.12411119824423825 0.11396574440052701 0.15841328821123876 0.1383399209486166
0 0.24510402467329462 0.3346508563899868 0.15342389330694775 0.2239789196310935
0 0.38044136145218727 0.09881422924901179 0.17213412419803878 0.19762845849802357
0 0.10477729299011068 0.8972332015810276 0.15217654458087504 0.2055335968379447
0 0.6380188733862098 0.8629776021080369 0.18834965763698486 0.2160737812911725
0 0.9222275437756245 0.7931488801054017 0.15554491244875096 0.2266139657444005
0 0.0810776671947285 0.5790513833992095 0.162155334389457 0.23320158102766786