13 0.3484190887209784 0.758893280632411 0.06942019674390237 0.10803689064558625
13 0.7192459624668872 0.7602108036890646 0.07117767007919112 0.11594202898550733
11 0.7166097524639541 0.49275362318840576 0.06590525007332515 0.0948616600790513
11 0.34841908872097843 0.4841897233201581 0.06414777673803637 0.09354413702239789
31 0.5360293672630436 0.5013175230566536 0.5536041006159302 0.17259552042160742
0 0.28295320698147547 0.08893280632411062 0.06502651340568058 0.11462450592885368
30 0.7253971191403976 0.7470355731225297 0.2539548969492125 0.2793148880105403
30 0.3475403520533341 0.7444005270092227 0.2539548969492125 0.2793148880105403
29 0.7232002774712868 0.4598155467720685 0.2565911069521454 0.2740447957839261
29 0.3471009837195118 0.46113306982872193 0.2565911069521454 0.2740447957839261
28 0.507909793898425 0.6007905138339922 0.8330423609268286 0.6060606060606061
26 0.5061523205631364 0.5876152832674573 0.9279459210324167 0.7457180500658762